0 0
1 0
2 0
3 0
4 0
5 0
6 0
7 0
8 0
9 0
10 0
11 1
12 2
13 3
14 4
15 5
16 6
17 7
18 8
19 9
20 10
21 10
22 10
23 10
24 10
25 10
26 11
27 12
28 13
29 14
30 15
31 16
32 17
33 18
34 19
35 20
36 20
37 20
38 20
39 20
40 20
41 21
42 22
43 23
44 24
45 25
46 26
47 27
48 28
49 29
50 30
51 30
52 30
53 30
54 30
55 30
56 31
57 32
58 33
59 34
60 35
61 36
62 37
63 38
64 39
65 40
66 40
67 40
68 40
69 40
70 40
71 41
72 42
73 43
74 44
75 45
76 46
77 47
78 48
79 49
80 50
81 50
82 50
83 50
84 50
85 50
86 51
87 52
88 53
89 54
90 55
91 56
92 57
93 58
94 59
95 60
96 60
97 60
98 60
99 60
